0.7167 0.0000
0.6432 -0.0747
0.8296 0.0399
0.8941 0.0463
0.6377 0.0237
0.8187 -0.1166
0.8528 0.0121
0.7420 0.1611
0.8535 -0.1053
0.6945 -0.0965
0.8259 0.1080
0.8590 -0.1184
0.7673 0.0667
0.5534 -0.0219
0.7780 0.0358
0.7426 0.0511
0.6356 -0.0101
0.7149 0.1871
0.8062 -0.1194
0.7182 -0.0834
0.7297 -0.1527
0.8089 -0.0146
0.6604 -0.0250
0.7842 -0.0182
0.6084 0.0094
0.6073 -0.0284
0.7187 -0.0276
0.9034 0.1092
0.7386 0.0940
0.8222 0.0216
0.7574 -0.1304
0.7337 -0.0797
0.7288 -0.0137
0.9500 0.0499
0.7516 0.0801
0.6583 0.0256
0.5450 0.0266
0.8206 -0.0961
0.6887 0.0572
0.7879 -0.0914
0.6981 -0.1936
0.5754 -0.0445
0.7637 -0.2016
0.5721 0.0372
0.6175 -0.1102
0.9261 -0.1035
0.8190 -0.1145
0.7567 -0.1955
0.7234 0.0355
0.5910 0.1021
0.6729 0.1042
0.6717 -0.1280
0.6277 -0.0358
0.8394 0.1089
0.7441 -0.2116
0.7201 -0.0494
0.8810 0.0809
0.6938 0.1423
0.9236 0.0930
0.7510 0.1041
0.8675 -0.1381
0.6959 0.0076
0.8798 0.0567
0.6878 -0.0131
0.7663 -0.1148
0.6970 0.0131
0.6705 0.1356
0.8050 0.0011
0.6870 0.0915
0.6768 0.0054
0.6842 0.0371
0.7648 -0.0908
0.8495 0.1399
0.8107 0.0009
0.7675 -0.1145
0.8207 0.0000
0.7675 0.1145
0.8107 -0.0009
0.8495 -0.1399
0.7648 0.0908
0.6842 -0.0371
0.6768 -0.0054
0.6870 -0.0915
0.8050 -0.0011
0.6705 -0.1356
0.6970 -0.0131
0.7663 0.1148
0.6878 0.0131
0.8798 -0.0567
0.6959 -0.0076
0.8675 0.1381
0.7510 -0.1041
0.9236 -0.0930
0.6938 -0.1423
0.8810 -0.0809
0.7201 0.0494
0.7441 0.2116
0.8394 -0.1089
0.6277 0.0358
0.6717 0.1280
0.6729 -0.1042
0.5910 -0.1021
0.7234 -0.0355
0.7567 0.1955
0.8190 0.1145
0.9261 0.1035
0.6175 0.1102
0.5721 -0.0372
0.7637 0.2016
0.5754 0.0445
0.6981 0.1936
0.7879 0.0914
0.6887 -0.0572
0.8206 0.0961
0.5450 -0.0266
0.6583 -0.0256
0.7516 -0.0801
0.9500 -0.0499
0.7288 0.0137
0.7337 0.0797
0.7574 0.1304
0.8222 -0.0216
0.7386 -0.0940
0.9034 -0.1092
0.7187 0.0276
0.6073 0.0284
0.6084 -0.0094
0.7842 0.0182
0.6604 0.0250
0.8089 0.0146
0.7297 0.1527
0.7182 0.0834
0.8062 0.1194
0.7149 -0.1871
0.6356 0.0101
0.7426 -0.0511
0.7780 -0.0358
0.5534 0.0219
0.7673 -0.0667
0.8590 0.1184
0.8259 -0.1080
0.6945 0.0965
0.8535 0.1053
0.7420 -0.1611
0.8528 -0.0121
0.8187 0.1166
0.6377 -0.0237
0.8941 -0.0463
0.8296 -0.0399
0.6936 0.0374
