0.8968 0.0000
0.9127 0.0076
0.9029 -0.0063
0.8963 -0.0024
0.9251 0.0255
0.8886 0.0067
0.9192 -0.0067
0.9500 -0.0549
0.9012 -0.0177
0.8809 -0.0152
0.9166 0.0015
0.9146 0.0213
0.9262 0.0256
0.8725 0.0166
0.9308 -0.0351
0.9172 0.0048
0.9277 -0.0298
0.8933 0.0058
0.8861 0.0465
0.9077 -0.0285
0.9108 0.0028
0.9129 -0.0001
0.9065 -0.0336
0.9491 -0.0486
0.9185 0.0208
0.9276 -0.0267
0.9288 -0.0029
0.9420 -0.0140
0.9227 0.0462
0.9294 -0.0058
0.8976 0.0123
0.9014 -0.0025
0.8993 0.0066
0.9413 -0.0022
0.8911 -0.0325
0.8948 0.0064
0.9308 -0.0047
0.9138 -0.0003
0.9102 0.0037
0.8656 -0.0093
0.8781 0.0050
0.8978 -0.0138
0.8939 0.0251
0.8764 0.0191
0.9282 0.0095
0.8775 -0.0123
0.8982 -0.0247
0.9145 0.0140
0.9018 -0.0111
0.9089 0.0281
0.8897 -0.0144
0.8983 -0.0031
0.9108 -0.0015
0.9000 0.0348
0.9023 0.0261
0.9003 -0.0325
0.9410 0.0300
0.9380 0.0073
0.9043 -0.0175
0.9127 0.0728
0.9161 -0.0048
0.9152 -0.0370
0.8741 -0.0208
0.8918 -0.0160
0.8969 0.0095
0.9021 0.0099
0.9121 0.0079
0.8801 0.0058
0.8747 0.0027
0.9192 -0.0012
0.9184 0.0230
0.9125 0.0007
0.8954 0.0158
0.9100 0.0040
0.8980 0.0129
0.9240 0.0000
0.8980 -0.0129
0.9100 -0.0040
0.8954 -0.0158
0.9125 -0.0007
0.9184 -0.0230
0.9192 0.0012
0.8747 -0.0027
0.8801 -0.0058
0.9121 -0.0079
0.9021 -0.0099
0.8969 -0.0095
0.8918 0.0160
0.8741 0.0208
0.9152 0.0370
0.9161 0.0048
0.9127 -0.0728
0.9043 0.0175
0.9380 -0.0073
0.9410 -0.0300
0.9003 0.0325
0.9023 -0.0261
0.9000 -0.0348
0.9108 0.0015
0.8983 0.0031
0.8897 0.0144
0.9089 -0.0281
0.9018 0.0111
0.9145 -0.0140
0.8982 0.0247
0.8775 0.0123
0.9282 -0.0095
0.8764 -0.0191
0.8939 -0.0251
0.8978 0.0138
0.8781 -0.0050
0.8656 0.0093
0.9102 -0.0037
0.9138 0.0003
0.9308 0.0047
0.8948 -0.0064
0.8911 0.0325
0.9413 0.0022
0.8993 -0.0066
0.9014 0.0025
0.8976 -0.0123
0.9294 0.0058
0.9227 -0.0462
0.9420 0.0140
0.9288 0.0029
0.9276 0.0267
0.9185 -0.0208
0.9491 0.0486
0.9065 0.0336
0.9129 0.0001
0.9108 -0.0028
0.9077 0.0285
0.8861 -0.0465
0.8933 -0.0058
0.9277 0.0298
0.9172 -0.0048
0.9308 0.0351
0.8725 -0.0166
0.9262 -0.0256
0.9146 -0.0213
0.9166 -0.0015
0.8809 0.0152
0.9012 0.0177
0.9500 0.0549
0.9192 0.0067
0.8886 -0.0067
0.9251 -0.0255
0.8963 0.0024
0.9029 0.0063
0.9101 -0.0038
