0.8995 0.0000
0.8836 -0.0162
0.9240 0.0086
0.9379 0.0100
0.8824 0.0051
0.9216 -0.0252
0.9290 0.0026
0.9050 0.0349
0.9291 -0.0228
0.8947 -0.0209
0.9231 0.0234
0.9303 -0.0256
0.9105 0.0144
0.8642 -0.0047
0.9128 0.0077
0.9051 0.0111
0.8820 -0.0022
0.8991 0.0405
0.9189 -0.0258
0.8998 -0.0180
0.9023 -0.0331
0.9195 -0.0032
0.8873 -0.0054
0.9141 -0.0039
0.8761 0.0020
0.8758 -0.0062
0.8999 -0.0060
0.9399 0.0236
0.9042 0.0203
0.9223 0.0047
0.9083 -0.0282
0.9032 -0.0172
0.9021 -0.0030
0.9500 0.0108
0.9071 0.0173
0.8869 0.0055
0.8624 0.0058
0.9220 -0.0208
0.8934 0.0124
0.9149 -0.0198
0.8955 -0.0419
0.8689 -0.0096
0.9097 -0.0436
0.8682 0.0080
0.8781 -0.0239
0.9448 -0.0224
0.9217 -0.0248
0.9082 -0.0423
0.9010 0.0077
0.8723 0.0221
0.8900 0.0226
0.8898 -0.0277
0.8803 -0.0077
0.9261 0.0236
0.9054 -0.0458
0.9003 -0.0107
0.9351 0.0175
0.8946 0.0308
0.9443 0.0201
0.9069 0.0225
0.9321 -0.0299
0.8950 0.0017
0.9348 0.0123
0.8933 -0.0028
0.9102 -0.0248
0.8953 0.0028
0.8895 0.0293
0.9186 0.0002
0.8931 0.0198
0.8909 0.0012
0.8925 0.0080
0.9099 -0.0197
0.9283 0.0303
0.9199 0.0002
0.9105 -0.0248
0.9220 0.0000
0.9105 0.0248
0.9199 -0.0002
0.9283 -0.0303
0.9099 0.0197
0.8925 -0.0080
0.8909 -0.0012
0.8931 -0.0198
0.9186 -0.0002
0.8895 -0.0293
0.8953 -0.0028
0.9102 0.0248
0.8933 0.0028
0.9348 -0.0123
0.8950 -0.0017
0.9321 0.0299
0.9069 -0.0225
0.9443 -0.0201
0.8946 -0.0308
0.9351 -0.0175
0.9003 0.0107
0.9054 0.0458
0.9261 -0.0236
0.8803 0.0077
0.8898 0.0277
0.8900 -0.0226
0.8723 -0.0221
0.9010 -0.0077
0.9082 0.0423
0.9217 0.0248
0.9448 0.0224
0.8781 0.0239
0.8682 -0.0080
0.9097 0.0436
0.8689 0.0096
0.8955 0.0419
0.9149 0.0198
0.8934 -0.0124
0.9220 0.0208
0.8624 -0.0058
0.8869 -0.0055
0.9071 -0.0173
0.9500 -0.0108
0.9021 0.0030
0.9032 0.0172
0.9083 0.0282
0.9223 -0.0047
0.9042 -0.0203
0.9399 -0.0236
0.8999 0.0060
0.8758 0.0062
0.8761 -0.0020
0.9141 0.0039
0.8873 0.0054
0.9195 0.0032
0.9023 0.0331
0.8998 0.0180
0.9189 0.0258
0.8991 -0.0405
0.8820 0.0022
0.9051 -0.0111
0.9128 -0.0077
0.8642 0.0047
0.9105 -0.0144
0.9303 0.0256
0.9231 -0.0234
0.8947 0.0209
0.9291 0.0228
0.9050 -0.0349
0.9290 -0.0026
0.9216 0.0252
0.8824 -0.0051
0.9379 -0.0100
0.9240 -0.0086
0.8945 0.0081
