0.5707 0.0000
0.6840 0.0543
0.6141 -0.0448
0.5672 -0.0170
0.7723 0.1815
0.5127 0.0475
0.7306 -0.0479
0.9500 -0.3916
0.6020 -0.1265
0.4573 -0.1082
0.7119 0.0105
0.6980 0.1521
0.7804 0.1828
0.3977 0.1186
0.8134 -0.2499
0.7166 0.0345
0.7910 -0.2126
0.5457 0.0411
0.4946 0.3311
0.6487 -0.2030
0.6705 0.0201
0.6854 -0.0005
0.6402 -0.2398
0.9438 -0.3460
0.7256 0.1480
0.7903 -0.1902
0.7991 -0.0207
0.8928 -0.0995
0.7557 0.3295
0.8030 -0.0414
0.5764 0.0879
0.6035 -0.0175
0.5890 0.0470
0.8881 -0.0155
0.5304 -0.2316
0.5569 0.0453
0.8132 -0.0335
0.6923 -0.0021
0.6667 0.0263
0.3488 -0.0659
0.4376 0.0356
0.5777 -0.0983
0.5501 0.1786
0.4252 0.1361
0.7946 0.0679
0.4332 -0.0879
0.5809 -0.1757
0.6973 0.0997
0.6065 -0.0794
0.6571 0.2005
0.5200 -0.1024
0.5818 -0.0219
0.6705 -0.0109
0.5936 0.2480
0.6101 0.1859
0.5961 -0.2318
0.8856 0.2137
0.8648 0.0521
0.6245 -0.1249
0.6840 0.5187
0.7086 -0.0345
0.7019 -0.2639
0.4091 -0.1481
0.5351 -0.1142
0.5717 0.0678
0.6085 0.0704
0.6796 0.0560
0.4519 0.0411
0.4131 0.0191
0.7302 -0.0089
0.7246 0.1643
0.6824 0.0053
0.5609 0.1124
0.6651 0.0289
0.5791 0.0918
0.7650 0.0000
0.5791 -0.0918
0.6651 -0.0289
0.5609 -0.1124
0.6824 -0.0053
0.7246 -0.1643
0.7302 0.0089
0.4131 -0.0191
0.4519 -0.0411
0.6796 -0.0560
0.6085 -0.0704
0.5717 -0.0678
0.5351 0.1142
0.4091 0.1481
0.7019 0.2639
0.7086 0.0345
0.6840 -0.5187
0.6245 0.1249
0.8648 -0.0521
0.8856 -0.2137
0.5961 0.2318
0.6101 -0.1859
0.5936 -0.2480
0.6705 0.0109
0.5818 0.0219
0.5200 0.1024
0.6571 -0.2005
0.6065 0.0794
0.6973 -0.0997
0.5809 0.1757
0.4332 0.0879
0.7946 -0.0679
0.4252 -0.1361
0.5501 -0.1786
0.5777 0.0983
0.4376 -0.0356
0.3488 0.0659
0.6667 -0.0263
0.6923 0.0021
0.8132 0.0335
0.5569 -0.0453
0.5304 0.2316
0.8881 0.0155
0.5890 -0.0470
0.6035 0.0175
0.5764 -0.0879
0.8030 0.0414
0.7557 -0.3295
0.8928 0.0995
0.7991 0.0207
0.7903 0.1902
0.7256 -0.1480
0.9438 0.3460
0.6402 0.2398
0.6854 0.0005
0.6705 -0.0201
0.6487 0.2030
0.4946 -0.3311
0.5457 -0.0411
0.7910 0.2126
0.7166 -0.0345
0.8134 0.2499
0.3977 -0.1186
0.7804 -0.1828
0.6980 -0.1521
0.7119 -0.0105
0.4573 0.1082
0.6020 0.1265
0.9500 0.3916
0.7306 0.0479
0.5127 -0.0475
0.7723 -0.1815
0.5672 0.0170
0.6141 0.0448
0.6654 -0.0272
