0.7965 0.0000
0.8424 0.0220
0.8141 -0.0181
0.7951 -0.0069
0.8781 0.0734
0.7731 0.0192
0.8612 -0.0194
0.9500 -0.1584
0.8092 -0.0512
0.7507 -0.0438
0.8537 0.0042
0.8481 0.0615
0.8814 0.0739
0.7266 0.0480
0.8947 -0.1011
0.8556 0.0139
0.8857 -0.0860
0.7864 0.0166
0.7658 0.1339
0.8281 -0.0821
0.8369 0.0081
0.8430 -0.0002
0.8247 -0.0970
0.9475 -0.1400
0.8592 0.0599
0.8854 -0.0769
0.8890 -0.0084
0.9269 -0.0403
0.8714 0.1333
0.8905 -0.0167
0.7989 0.0356
0.8098 -0.0071
0.8040 0.0190
0.9250 -0.0063
0.7803 -0.0937
0.7910 0.0183
0.8947 -0.0136
0.8458 -0.0008
0.8354 0.0106
0.7068 -0.0267
0.7427 0.0144
0.7994 -0.0398
0.7882 0.0722
0.7377 0.0551
0.8871 0.0275
0.7409 -0.0356
0.8007 -0.0711
0.8478 0.0403
0.8110 -0.0321
0.8315 0.0811
0.7760 -0.0414
0.8011 -0.0089
0.8369 -0.0044
0.8058 0.1003
0.8125 0.0752
0.8069 -0.0938
0.9239 0.0865
0.9155 0.0211
0.8183 -0.0505
0.8424 0.2098
0.8523 -0.0139
0.8496 -0.1068
0.7312 -0.0599
0.7821 -0.0462
0.7970 0.0274
0.8119 0.0285
0.8406 0.0227
0.7485 0.0166
0.7328 0.0077
0.8611 -0.0036
0.8588 0.0664
0.8418 0.0021
0.7926 0.0455
0.8348 0.0117
0.8000 0.0372
0.8751 0.0000
0.8000 -0.0372
0.8348 -0.0117
0.7926 -0.0455
0.8418 -0.0021
0.8588 -0.0664
0.8611 0.0036
0.7328 -0.0077
0.7485 -0.0166
0.8406 -0.0227
0.8119 -0.0285
0.7970 -0.0274
0.7821 0.0462
0.7312 0.0599
0.8496 0.1068
0.8523 0.0139
0.8424 -0.2098
0.8183 0.0505
0.9155 -0.0211
0.9239 -0.0865
0.8069 0.0938
0.8125 -0.0752
0.8058 -0.1003
0.8369 0.0044
0.8011 0.0089
0.7760 0.0414
0.8315 -0.0811
0.8110 0.0321
0.8478 -0.0403
0.8007 0.0711
0.7409 0.0356
0.8871 -0.0275
0.7377 -0.0551
0.7882 -0.0722
0.7994 0.0398
0.7427 -0.0144
0.7068 0.0267
0.8354 -0.0106
0.8458 0.0008
0.8947 0.0136
0.7910 -0.0183
0.7803 0.0937
0.9250 0.0063
0.8040 -0.0190
0.8098 0.0071
0.7989 -0.0356
0.8905 0.0167
0.8714 -0.1333
0.9269 0.0403
0.8890 0.0084
0.8854 0.0769
0.8592 -0.0599
0.9475 0.1400
0.8247 0.0970
0.8430 0.0002
0.8369 -0.0081
0.8281 0.0821
0.7658 -0.1339
0.7864 -0.0166
0.8857 0.0860
0.8556 -0.0139
0.8947 0.1011
0.7266 -0.0480
0.8814 -0.0739
0.8481 -0.0615
0.8537 -0.0042
0.7507 0.0438
0.8092 0.0512
0.9500 0.1584
0.8612 0.0194
0.7731 -0.0192
0.8781 -0.0734
0.7951 0.0069
0.8141 0.0181
0.8348 -0.0110
