0.4477 0.0000
0.2895 -0.1609
0.6908 0.0860
0.8296 0.0996
0.2777 0.0511
0.6674 -0.2510
0.7408 0.0261
0.5021 0.3470
0.7421 -0.2268
0.3999 -0.2077
0.6828 0.2325
0.7540 -0.2549
0.5567 0.1437
0.0960 -0.0473
0.5797 0.0770
0.5034 0.1100
0.2731 -0.0217
0.4439 0.4028
0.6405 -0.2570
0.4509 -0.1795
0.4758 -0.3289
0.6463 -0.0315
0.3264 -0.0537
0.5930 -0.0392
0.2146 0.0203
0.2121 -0.0612
0.4520 -0.0593
0.8497 0.2351
0.4948 0.2024
0.6749 0.0465
0.5353 -0.2807
0.4842 -0.1715
0.4737 -0.0295
0.9500 0.1075
0.5229 0.1725
0.3220 0.0552
0.0780 0.0574
0.6713 -0.2069
0.3873 0.1232
0.6009 -0.1967
0.4077 -0.4168
0.1434 -0.0958
0.5490 -0.4341
0.1363 0.0800
0.2342 -0.2374
0.8985 -0.2228
0.6679 -0.2466
0.5338 -0.4209
0.4621 0.0764
0.1770 0.2199
0.3535 0.2244
0.3507 -0.2756
0.2561 -0.0770
0.7118 0.2345
0.5067 -0.4557
0.4550 -0.1063
0.8014 0.1742
0.3985 0.3063
0.8933 0.2003
0.5214 0.2241
0.7724 -0.2973
0.4029 0.0164
0.7990 0.1221
0.3855 -0.0282
0.5545 -0.2471
0.4053 0.0283
0.3483 0.2919
0.6377 0.0024
0.3837 0.1969
0.3617 0.0117
0.3777 0.0799
0.5512 -0.1955
0.7337 0.3012
0.6501 0.0020
0.5570 -0.2465
0.6715 0.0000
0.5570 0.2465
0.6501 -0.0020
0.7337 -0.3012
0.5512 0.1955
0.3777 -0.0799
0.3617 -0.0117
0.3837 -0.1969
0.6377 -0.0024
0.3483 -0.2919
0.4053 -0.0283
0.5545 0.2471
0.3855 0.0282
0.7990 -0.1221
0.4029 -0.0164
0.7724 0.2973
0.5214 -0.2241
0.8933 -0.2003
0.3985 -0.3063
0.8014 -0.1742
0.4550 0.1063
0.5067 0.4557
0.7118 -0.2345
0.2561 0.0770
0.3507 0.2756
0.3535 -0.2244
0.1770 -0.2199
0.4621 -0.0764
0.5338 0.4209
0.6679 0.2466
0.8985 0.2228
0.2342 0.2374
0.1363 -0.0800
0.5490 0.4341
0.1434 0.0958
0.4077 0.4168
0.6009 0.1967
0.3873 -0.1232
0.6713 0.2069
0.0780 -0.0574
0.3220 -0.0552
0.5229 -0.1725
0.9500 -0.1075
0.4737 0.0295
0.4842 0.1715
0.5353 0.2807
0.6749 -0.0465
0.4948 -0.2024
0.8497 -0.2351
0.4520 0.0593
0.2121 0.0612
0.2146 -0.0203
0.5930 0.0392
0.3264 0.0537
0.6463 0.0315
0.4758 0.3289
0.4509 0.1795
0.6405 0.2570
0.4439 -0.4028
0.2731 0.0217
0.5034 -0.1100
0.5797 -0.0770
0.0960 0.0473
0.5567 -0.1437
0.7540 0.2549
0.6828 -0.2325
0.3999 0.2077
0.7421 0.2268
0.5021 -0.3470
0.7408 -0.0261
0.6674 0.2510
0.2777 -0.0511
0.8296 -0.0996
0.6908 -0.0860
0.3980 0.0805
