0.5950 0.0000
0.4832 -0.1137
0.7668 0.0608
0.8649 0.0704
0.4749 0.0361
0.7503 -0.1774
0.8021 0.0184
0.6335 0.2452
0.8031 -0.1603
0.5613 -0.1468
0.7612 0.1643
0.8115 -0.1801
0.6721 0.1015
0.3465 -0.0334
0.6883 0.0544
0.6344 0.0777
0.4717 -0.0154
0.5923 0.2846
0.7313 -0.1816
0.5973 -0.1268
0.6149 -0.2324
0.7354 -0.0222
0.5093 -0.0380
0.6977 -0.0277
0.4303 0.0143
0.4285 -0.0433
0.5980 -0.0419
0.8791 0.1661
0.6283 0.1430
0.7556 0.0328
0.6569 -0.1984
0.6208 -0.1212
0.6134 -0.0208
0.9500 0.0759
0.6482 0.1219
0.5062 0.0390
0.3338 0.0405
0.7531 -0.1462
0.5524 0.0871
0.7033 -0.1390
0.5667 -0.2946
0.3799 -0.0677
0.6666 -0.3068
0.3750 0.0566
0.4441 -0.1677
0.9136 -0.1575
0.7507 -0.1743
0.6559 -0.2975
0.6052 0.0540
0.4037 0.1554
0.5284 0.1586
0.5265 -0.1948
0.4596 -0.0544
0.7817 0.1657
0.6367 -0.3220
0.6002 -0.0751
0.8450 0.1231
0.5602 0.2165
0.9099 0.1415
0.6471 0.1584
0.8245 -0.2101
0.5633 0.0116
0.8433 0.0863
0.5510 -0.0199
0.6705 -0.1746
0.5651 0.0200
0.5248 0.2063
0.7293 0.0017
0.5498 0.1392
0.5343 0.0083
0.5455 0.0565
0.6682 -0.1382
0.7971 0.2128
0.7380 0.0014
0.6723 -0.1742
0.7532 0.0000
0.6723 0.1742
0.7380 -0.0014
0.7971 -0.2128
0.6682 0.1382
0.5455 -0.0565
0.5343 -0.0083
0.5498 -0.1392
0.7293 -0.0017
0.5248 -0.2063
0.5651 -0.0200
0.6705 0.1746
0.5510 0.0199
0.8433 -0.0863
0.5633 -0.0116
0.8245 0.2101
0.6471 -0.1584
0.9099 -0.1415
0.5602 -0.2165
0.8450 -0.1231
0.6002 0.0751
0.6367 0.3220
0.7817 -0.1657
0.4596 0.0544
0.5265 0.1948
0.5284 -0.1586
0.4037 -0.1554
0.6052 -0.0540
0.6559 0.2975
0.7507 0.1743
0.9136 0.1575
0.4441 0.1677
0.3750 -0.0566
0.6666 0.3068
0.3799 0.0677
0.5667 0.2946
0.7033 0.1390
0.5524 -0.0871
0.7531 0.1462
0.3338 -0.0405
0.5062 -0.0390
0.6482 -0.1219
0.9500 -0.0759
0.6134 0.0208
0.6208 0.1212
0.6569 0.1984
0.7556 -0.0328
0.6283 -0.1430
0.8791 -0.1661
0.5980 0.0419
0.4285 0.0433
0.4303 -0.0143
0.6977 0.0277
0.5093 0.0380
0.7354 0.0222
0.6149 0.2324
0.5973 0.1268
0.7313 0.1816
0.5923 -0.2846
0.4717 0.0154
0.6344 -0.0777
0.6883 -0.0544
0.3465 0.0334
0.6721 -0.1015
0.8115 0.1801
0.7612 -0.1643
0.5613 0.1468
0.8031 0.1603
0.6335 -0.2452
0.8021 -0.0184
0.7503 0.1774
0.4749 -0.0361
0.8649 -0.0704
0.7668 -0.0608
0.5599 0.0569
