0.8051 0.0000
0.7594 -0.0464
0.8752 0.0248
0.9153 0.0287
0.7560 0.0147
0.8684 -0.0724
0.8896 0.0075
0.8208 0.1001
0.8900 -0.0655
0.7913 -0.0599
0.8729 0.0671
0.8934 -0.0736
0.8365 0.0415
0.7036 -0.0136
0.8431 0.0222
0.8211 0.0317
0.7547 -0.0063
0.8039 0.1162
0.8607 -0.0742
0.8060 -0.0518
0.8132 -0.0949
0.8624 -0.0091
0.7700 -0.0155
0.8470 -0.0113
0.7378 0.0059
0.7371 -0.0177
0.8063 -0.0171
0.9211 0.0678
0.8186 0.0584
0.8706 0.0134
0.8303 -0.0810
0.8156 -0.0495
0.8126 -0.0085
0.9500 0.0310
0.8268 0.0498
0.7688 0.0159
0.6984 0.0166
0.8696 -0.0597
0.7876 0.0356
0.8493 -0.0568
0.7935 -0.1203
0.7172 -0.0276
0.8343 -0.1253
0.7152 0.0231
0.7434 -0.0685
0.9351 -0.0643
0.8686 -0.0712
0.8299 -0.1215
0.8092 0.0221
0.7269 0.0634
0.7779 0.0648
0.7771 -0.0795
0.7498 -0.0222
0.8813 0.0677
0.8221 -0.1315
0.8072 -0.0307
0.9071 0.0503
0.7908 0.0884
0.9336 0.0578
0.8263 0.0647
0.8987 -0.0858
0.7921 0.0047
0.9064 0.0352
0.7871 -0.0081
0.8359 -0.0713
0.7928 0.0082
0.7764 0.0842
0.8599 0.0007
0.7866 0.0568
0.7802 0.0034
0.7848 0.0231
0.8349 -0.0564
0.8876 0.0869
0.8635 0.0006
0.8366 -0.0711
0.8696 0.0000
0.8366 0.0711
0.8635 -0.0006
0.8876 -0.0869
0.8349 0.0564
0.7848 -0.0231
0.7802 -0.0034
0.7866 -0.0568
0.8599 -0.0007
0.7764 -0.0842
0.7928 -0.0082
0.8359 0.0713
0.7871 0.0081
0.9064 -0.0352
0.7921 -0.0047
0.8987 0.0858
0.8263 -0.0647
0.9336 -0.0578
0.7908 -0.0884
0.9071 -0.0503
0.8072 0.0307
0.8221 0.1315
0.8813 -0.0677
0.7498 0.0222
0.7771 0.0795
0.7779 -0.0648
0.7269 -0.0634
0.8092 -0.0221
0.8299 0.1215
0.8686 0.0712
0.9351 0.0643
0.7434 0.0685
0.7152 -0.0231
0.8343 0.1253
0.7172 0.0276
0.7935 0.1203
0.8493 0.0568
0.7876 -0.0356
0.8696 0.0597
0.6984 -0.0166
0.7688 -0.0159
0.8268 -0.0498
0.9500 -0.0310
0.8126 0.0085
0.8156 0.0495
0.8303 0.0810
0.8706 -0.0134
0.8186 -0.0584
0.9211 -0.0678
0.8063 0.0171
0.7371 0.0177
0.7378 -0.0059
0.8470 0.0113
0.7700 0.0155
0.8624 0.0091
0.8132 0.0949
0.8060 0.0518
0.8607 0.0742
0.8039 -0.1162
0.7547 0.0063
0.8211 -0.0317
0.8431 -0.0222
0.7036 0.0136
0.8365 -0.0415
0.8934 0.0736
0.8729 -0.0671
0.7913 0.0599
0.8900 0.0655
0.8208 -0.1001
0.8896 -0.0075
0.8684 0.0724
0.7560 -0.0147
0.9153 -0.0287
0.8752 -0.0248
0.7907 0.0232
