0.2948 0.0000
0.0884 -0.2099
0.6119 0.1122
0.7929 0.1299
0.0730 0.0666
0.5813 -0.3274
0.6771 0.0340
0.3657 0.4526
0.6789 -0.2959
0.2325 -0.2709
0.6015 0.3033
0.6943 -0.3325
0.4370 0.1874
-0.1640 -0.0616
0.4669 0.1004
0.3675 0.1435
0.0671 -0.0284
0.2898 0.5254
0.5463 -0.3353
0.2989 -0.2341
0.3314 -0.4290
0.5538 -0.0410
0.1365 -0.0701
0.4843 -0.0511
-0.0093 0.0265
-0.0125 -0.0798
0.3003 -0.0774
0.8191 0.3066
0.3562 0.2640
0.5911 0.0606
0.4091 -0.3662
0.3424 -0.2237
0.3287 -0.0384
0.9500 0.1402
0.3929 0.2250
0.1308 0.0720
-0.1874 0.0748
0.5865 -0.2699
0.2160 0.1607
0.4946 -0.2566
0.2426 -0.5437
-0.1022 -0.1250
0.4269 -0.5662
-0.1114 0.1044
0.0163 -0.3096
0.8828 -0.2907
0.5821 -0.3217
0.4071 -0.5490
0.3136 0.0997
-0.0584 0.2868
0.1719 0.2928
0.1683 -0.3595
0.0448 -0.1005
0.6393 0.3058
0.3717 -0.5944
0.3043 -0.1387
0.7562 0.2273
0.2305 0.3995
0.8760 0.2613
0.3910 0.2923
0.7183 -0.3879
0.2363 0.0214
0.7530 0.1593
0.2136 -0.0368
0.4340 -0.3223
0.2395 0.0369
0.1651 0.3807
0.5427 0.0031
0.2113 0.2569
0.1826 0.0153
0.2034 0.1042
0.4298 -0.2550
0.6679 0.3928
0.5588 0.0026
0.4374 -0.3215
0.5867 0.0000
0.4374 0.3215
0.5588 -0.0026
0.6679 -0.3928
0.4298 0.2550
0.2034 -0.1042
0.1826 -0.0153
0.2113 -0.2569
0.5427 -0.0031
0.1651 -0.3807
0.2395 -0.0369
0.4340 0.3223
0.2136 0.0368
0.7530 -0.1593
0.2363 -0.0214
0.7183 0.3879
0.3910 -0.2923
0.8760 -0.2613
0.2305 -0.3995
0.7562 -0.2273
0.3043 0.1387
0.3717 0.5944
0.6393 -0.3058
0.0448 0.1005
0.1683 0.3595
0.1719 -0.2928
-0.0584 -0.2868
0.3136 -0.0997
0.4071 0.5490
0.5821 0.3217
0.8828 0.2907
0.0163 0.3096
-0.1114 -0.1044
0.4269 0.5662
-0.1022 0.1250
0.2426 0.5437
0.4946 0.2566
0.2160 -0.1607
0.5865 0.2699
-0.1874 -0.0748
0.1308 -0.0720
0.3929 -0.2250
0.9500 -0.1402
0.3287 0.0384
0.3424 0.2237
0.4091 0.3662
0.5911 -0.0606
0.3562 -0.2640
0.8191 -0.3066
0.3003 0.0774
-0.0125 0.0798
-0.0093 -0.0265
0.4843 0.0511
0.1365 0.0701
0.5538 0.0410
0.3314 0.4290
0.2989 0.2341
0.5463 0.3353
0.2898 -0.5254
0.0671 0.0284
0.3675 -0.1435
0.4669 -0.1004
-0.1640 0.0616
0.4370 -0.1874
0.6943 0.3325
0.6015 -0.3033
0.2325 0.2709
0.6789 0.2959
0.3657 -0.4526
0.6771 -0.0340
0.5813 0.3274
0.0730 -0.0666
0.7929 -0.1299
0.6119 -0.1122
0.2300 0.1050
