0.7020 0.0000
0.7761 0.0355
0.7304 -0.0293
0.6998 -0.0111
0.8338 0.1186
0.6641 0.0310
0.8066 -0.0313
0.9500 -0.2560
0.7225 -0.0827
0.6279 -0.0708
0.7943 0.0068
0.7853 0.0995
0.8392 0.1195
0.5890 0.0775
0.8607 -0.1633
0.7974 0.0225
0.8461 -0.1390
0.6857 0.0269
0.6523 0.2164
0.7530 -0.1327
0.7673 0.0131
0.7770 -0.0003
0.7475 -0.1567
0.9459 -0.2262
0.8033 0.0967
0.8456 -0.1243
0.8514 -0.0135
0.9126 -0.0651
0.8230 0.2154
0.8539 -0.0270
0.7058 0.0575
0.7235 -0.0114
0.7140 0.0307
0.9095 -0.0101
0.6757 -0.1514
0.6931 0.0296
0.8606 -0.0219
0.7816 -0.0014
0.7648 0.0172
0.5570 -0.0431
0.6151 0.0232
0.7066 -0.0642
0.6886 0.1167
0.6069 0.0890
0.8484 0.0444
0.6122 -0.0575
0.7087 -0.1148
0.7848 0.0652
0.7254 -0.0519
0.7585 0.1311
0.6689 -0.0669
0.7093 -0.0143
0.7673 -0.0071
0.7170 0.1621
0.7278 0.1215
0.7187 -0.1515
0.9079 0.1397
0.8943 0.0341
0.7372 -0.0817
0.7762 0.3390
0.7922 -0.0225
0.7878 -0.1725
0.5964 -0.0968
0.6788 -0.0746
0.7027 0.0443
0.7268 0.0460
0.7732 0.0366
0.6244 0.0269
0.5990 0.0125
0.8064 -0.0058
0.8027 0.1074
0.7751 0.0035
0.6956 0.0735
0.7638 0.0189
0.7075 0.0600
0.8290 0.0000
0.7075 -0.0600
0.7638 -0.0189
0.6956 -0.0735
0.7751 -0.0035
0.8027 -0.1074
0.8064 0.0058
0.5990 -0.0125
0.6244 -0.0269
0.7732 -0.0366
0.7268 -0.0460
0.7027 -0.0443
0.6788 0.0746
0.5964 0.0968
0.7878 0.1725
0.7922 0.0225
0.7762 -0.3390
0.7372 0.0817
0.8943 -0.0341
0.9079 -0.1397
0.7187 0.1515
0.7278 -0.1215
0.7170 -0.1621
0.7673 0.0071
0.7093 0.0143
0.6689 0.0669
0.7585 -0.1311
0.7254 0.0519
0.7848 -0.0652
0.7087 0.1148
0.6122 0.0575
0.8484 -0.0444
0.6069 -0.0890
0.6886 -0.1167
0.7066 0.0642
0.6151 -0.0232
0.5570 0.0431
0.7648 -0.0172
0.7816 0.0014
0.8606 0.0219
0.6931 -0.0296
0.6757 0.1514
0.9095 0.0101
0.7140 -0.0307
0.7235 0.0114
0.7058 -0.0575
0.8539 0.0270
0.8230 -0.2154
0.9126 0.0651
0.8514 0.0135
0.8456 0.1243
0.8033 -0.0967
0.9459 0.2262
0.7475 0.1567
0.7770 0.0003
0.7673 -0.0131
0.7530 0.1327
0.6523 -0.2164
0.6857 -0.0269
0.8461 0.1390
0.7974 -0.0225
0.8607 0.1633
0.5890 -0.0775
0.8392 -0.1195
0.7853 -0.0995
0.7943 -0.0068
0.6279 0.0708
0.7225 0.0827
0.9500 0.2560
0.8066 0.0313
0.6641 -0.0310
0.8338 -0.1186
0.6998 0.0111
0.7304 0.0293
0.7639 -0.0177
