0.1594 0.0000
-0.0896 -0.2533
0.5421 0.1353
0.7605 0.1567
-0.1081 0.0804
0.5052 -0.3950
0.6207 0.0410
0.2451 0.5461
0.6229 -0.3570
0.0842 -0.3269
0.5295 0.3659
0.6415 -0.4012
0.3310 0.2261
-0.3941 -0.0744
0.3671 0.1212
0.2471 0.1731
-0.1153 -0.0342
0.1534 0.6339
0.4629 -0.4045
0.1644 -0.2825
0.2036 -0.5176
0.4720 -0.0495
-0.0315 -0.0846
0.3881 -0.0617
-0.2074 0.0319
-0.2114 -0.0963
0.1662 -0.0934
0.7921 0.3700
0.2335 0.3186
0.5170 0.0732
0.2973 -0.4418
0.2169 -0.2700
0.2004 -0.0464
0.9500 0.1691
0.2778 0.2714
-0.0384 0.0869
-0.4224 0.0903
0.5114 -0.3257
0.0644 0.1939
0.4006 -0.3096
0.0964 -0.6560
-0.3196 -0.1508
0.3188 -0.6832
-0.3307 0.1260
-0.1766 -0.3736
0.8690 -0.3507
0.5061 -0.3881
0.2949 -0.6625
0.1822 0.1203
-0.2667 0.3460
0.0111 0.3532
0.0068 -0.4338
-0.1422 -0.1212
0.5751 0.3690
0.2523 -0.7172
0.1710 -0.1673
0.7161 0.2742
0.0819 0.4821
0.8607 0.3152
0.2755 0.3527
0.6704 -0.4680
0.0889 0.0259
0.7123 0.1922
0.0615 -0.0444
0.3275 -0.3889
0.0927 0.0445
0.0030 0.4593
0.4585 0.0037
0.0587 0.3100
0.0241 0.0185
0.0492 0.1258
0.3224 -0.3077
0.6096 0.4740
0.4780 0.0031
0.3315 -0.3879
0.5117 0.0000
0.3315 0.3879
0.4780 -0.0031
0.6096 -0.4740
0.3224 0.3077
0.0492 -0.1258
0.0241 -0.0185
0.0587 -0.3100
0.4585 -0.0037
0.0030 -0.4593
0.0927 -0.0445
0.3275 0.3889
0.0615 0.0444
0.7123 -0.1922
0.0889 -0.0259
0.6704 0.4680
0.2755 -0.3527
0.8607 -0.3152
0.0819 -0.4821
0.7161 -0.2742
0.1710 0.1673
0.2523 0.7172
0.5751 -0.3690
-0.1422 0.1212
0.0068 0.4338
0.0111 -0.3532
-0.2667 -0.3460
0.1822 -0.1203
0.2949 0.6625
0.5061 0.3881
0.8690 0.3507
-0.1766 0.3736
-0.3307 -0.1260
0.3188 0.6832
-0.3196 0.1508
0.0964 0.6560
0.4006 0.3096
0.0644 -0.1939
0.5114 0.3257
-0.4224 -0.0903
-0.0384 -0.0869
0.2778 -0.2714
0.9500 -0.1691
0.2004 0.0464
0.2169 0.2700
0.2973 0.4418
0.5170 -0.0732
0.2335 -0.3186
0.7921 -0.3700
0.1662 0.0934
-0.2114 0.0963
-0.2074 -0.0319
0.3881 0.0617
-0.0315 0.0846
0.4720 0.0495
0.2036 0.5176
0.1644 0.2825
0.4629 0.4045
0.1534 -0.6339
-0.1153 0.0342
0.2471 -0.1731
0.3671 -0.1212
-0.3941 0.0744
0.3310 -0.2261
0.6415 0.4012
0.5295 -0.3659
0.0842 0.3269
0.6229 0.3570
0.2451 -0.5461
0.6207 -0.0410
0.5052 0.3950
-0.1081 -0.0804
0.7605 -0.1567
0.5421 -0.1353
0.0813 0.1266
