0.0999 0.0000
0.6996 -0.4656
0.1308 0.3678
0.5952 -0.0636
0.1044 0.0204
-0.4488 0.0336
0.4338 -0.0288
0.0360 -0.4488
0.2340 0.1458
-0.0666 0.2304
-0.1794 0.0810
0.3024 -0.3048
-0.1416 0.6468
0.3522 0.2256
-0.2976 -0.4080
0.2946 0.0456
-0.2058 0.1590
0.1362 0.1914
0.2934 0.4626
-0.4632 0.2988
-0.0930 -0.4470
-0.2778 0.2724
-0.5604 -0.2286
0.3510 0.0468
-0.1344 0.3618
-0.5802 0.3120
-0.2448 0.3924
0.3852 -0.4884
0.0654 -0.3474
0.1830 0.6780
0.0618 -0.6246
0.1542 -0.1452
-0.1980 0.0150
-0.6948 0.1740
0.0612 0.0900
0.4482 -0.1572
0.3006 -0.4854
0.2190 0.8316
0.7560 0.4032
-0.0750 0.0594
0.1752 0.0972
0.4098 0.1140
0.1584 0.1416
-0.0216 -0.5700
0.0474 0.1056
-0.5550 -0.6066
-0.2148 0.1632
-0.6150 -0.1020
0.0864 0.2058
0.0498 0.0012
-0.1002 -0.4506
-0.1746 -0.6246
0.0846 -0.6354
-0.4200 0.1308
0.2688 -0.1806
0.1248 0.9780
0.3828 0.3126
-0.2166 -0.0060
-0.1674 -0.4680
0.0882 0.5256
-0.1620 0.2448
0.1554 -0.5694
-0.0564 -0.5712
-0.1452 -0.3708
0.1296 -0.2538
0.2562 0.3744
0.3024 0.3150
-0.4596 -0.5280
-0.4878 0.1212
0.0708 -0.2616
-0.4032 -0.0366
-0.0840 0.2670
-0.5670 -0.3558
0.1278 0.1458
0.0384 0.3876
-0.2802 0.0000
0.0384 -0.3876
0.1278 -0.1458
-0.5670 0.3558
-0.0840 -0.2670
-0.4032 0.0366
0.0708 0.2616
-0.4878 -0.1212
-0.4596 0.5280
0.3024 -0.3150
0.2562 -0.3744
0.1296 0.2538
-0.1452 0.3708
-0.0564 0.5712
0.1554 0.5694
-0.1620 -0.2448
0.0882 -0.5256
-0.1674 0.4680
-0.2166 0.0060
0.3828 -0.3126
0.1248 -0.9780
0.2688 0.1806
-0.4200 -0.1308
0.0846 0.6354
-0.1746 0.6246
-0.1002 0.4506
0.0498 -0.0012
0.0864 -0.2058
-0.6150 0.1020
-0.2148 -0.1632
-0.5550 0.6066
0.0474 -0.1056
-0.0216 0.5700
0.1584 -0.1416
0.4098 -0.1140
0.1752 -0.0972
-0.0750 -0.0594
0.7560 -0.4032
0.2190 -0.8316
0.3006 0.4854
0.4482 0.1572
0.0612 -0.0900
-0.6948 -0.1740
-0.1980 -0.0150
0.1542 0.1452
0.0618 0.6246
0.1830 -0.6780
0.0654 0.3474
0.3852 0.4884
-0.2448 -0.3924
-0.5802 -0.3120
-0.1344 -0.3618
0.3510 -0.0468
-0.5604 0.2286
-0.2778 -0.2724
-0.0930 0.4470
-0.4632 -0.2988
0.2934 -0.4626
0.1362 -0.1914
-0.2058 -0.1590
0.2946 -0.0456
-0.2976 0.4080
0.3522 -0.2256
-0.1416 -0.6468
0.3024 0.3048
-0.1794 -0.0810
-0.0666 -0.2304
0.2340 -0.1458
0.0360 0.4488
0.4338 0.0288
-0.4488 -0.0336
0.1044 -0.0204
0.5952 0.0636
0.1308 -0.3678
0.3498 0.2328
