0.1090 0.0002
0.1900 -0.0524
0.1211 -0.2525
0.3458 -0.1103
0.3486 -0.1044
0.3654 0.0372
0.2929 0.0369
-0.0928 -0.1594
0.0382 -0.1313
0.1559 -0.0628
0.2893 0.0145
0.1545 -0.2227
0.2129 -0.3380
0.3806 -0.1593
0.0837 -0.0138
-0.1215 0.1410
0.3869 0.1721
0.1188 0.2404
0.4292 0.0210
0.4473 -0.0282
0.1980 0.0593
0.0769 0.0734
0.1064 0.0080
0.1795 -0.2777
0.3138 -0.1283
0.0591 0.1297
0.3070 0.1440
0.0955 -0.1173
-0.0154 0.0468
0.5064 -0.1409
0.1209 -0.0231
0.2834 -0.0841
0.1466 -0.2675
-0.0033 0.0007
0.2523 -0.2267
0.2575 -0.0446
0.1289 -0.2578
0.2422 -0.0089
0.4484 -0.0527
0.1767 0.0937
0.1161 -0.0798
0.1928 -0.0388
0.2869 0.1056
0.2236 0.0373
0.2107 -0.0297
0.2315 -0.1961
-0.0468 -0.0874
0.2158 -0.0477
0.1160 -0.2113
0.1903 -0.2281
0.1921 0.1585
0.3430 -0.1511
0.1517 0.1632
0.0463 -0.0804
0.4049 0.0883
0.3460 0.1324
0.1634 0.1725
0.1828 -0.0777
0.1473 0.2595
0.1040 -0.0136
0.2881 0.0732
0.1619 0.1520
0.4851 -0.0228
-0.0735 -0.1457
0.1445 0.1511
0.4725 -0.0181
0.1106 -0.0747
0.0154 0.0446
-0.0291 0.0405
0.5379 0.1474
0.0402 0.2832
0.1961 -0.2016
0.2061 0.1026
0.1684 0.1355
0.3075 0.0764
0.2835 0.0002
0.3075 -0.0760
0.1684 -0.1351
0.2061 -0.1023
0.1961 0.2020
0.0402 -0.2829
0.5379 -0.1470
-0.0291 -0.0401
0.0154 -0.0443
0.1106 0.0750
0.4725 0.0185
0.1445 -0.1508
-0.0735 0.1460
0.4851 0.0232
0.1619 -0.1517
0.2881 -0.0728
0.1040 0.0139
0.1473 -0.2591
0.1828 0.0781
0.1634 -0.1722
0.3460 -0.1321
0.4049 -0.0879
0.0463 0.0808
0.1517 -0.1628
0.3430 0.1514
0.1921 -0.1581
0.1903 0.2284
0.1160 0.2116
0.2158 0.0481
-0.0468 0.0878
0.2315 0.1964
0.2107 0.0301
0.2236 -0.0369
0.2869 -0.1053
0.1928 0.0392
0.1161 0.0801
0.1767 -0.0933
0.4484 0.0530
0.2422 0.0093
0.1289 0.2581
0.2575 0.0449
0.2523 0.2270
-0.0033 -0.0004
0.1466 0.2679
0.2834 0.0845
0.1209 0.0234
0.5064 0.1412
-0.0154 -0.0465
0.0955 0.1177
0.3070 -0.1437
0.0591 -0.1293
0.3138 0.1287
0.1795 0.2781
0.1064 -0.0076
0.0769 -0.0731
0.1980 -0.0589
0.4473 0.0286
0.4292 -0.0206
0.1188 -0.2400
0.3869 -0.1717
-0.1215 -0.1406
0.0837 0.0142
0.3806 0.1597
0.2129 0.3384
0.1545 0.2231
0.2893 -0.0141
0.1559 0.0631
0.0382 0.1317
-0.0928 0.1597
0.2929 -0.0366
0.3654 -0.0368
0.3486 0.1048
0.3458 0.1107
0.1211 0.2529
0.1952 0.0265
