0.1593 0.0000
0.0477 -0.1134
0.3307 0.0606
0.4285 0.0702
0.0395 0.0360
0.3141 -0.1769
0.3659 0.0184
0.1976 0.2446
0.3668 -0.1599
0.1256 -0.1464
0.3250 0.1639
0.3752 -0.1797
0.2361 0.1013
-0.0886 -0.0333
0.2523 0.0543
0.1986 0.0775
0.0362 -0.0153
0.1566 0.2839
0.2952 -0.1812
0.1615 -0.1265
0.1791 -0.2318
0.2993 -0.0222
0.0738 -0.0379
0.2617 -0.0276
-0.0050 0.0143
-0.0068 -0.0431
0.1623 -0.0418
0.4426 0.1657
0.1925 0.1427
0.3194 0.0328
0.2210 -0.1979
0.1850 -0.1209
0.1776 -0.0208
0.5134 0.0757
0.2123 0.1216
0.0707 0.0389
-0.1013 0.0404
0.3169 -0.1459
0.1167 0.0868
0.2673 -0.1386
0.1311 -0.2938
-0.0552 -0.0675
0.2307 -0.3060
-0.0602 0.0564
0.0088 -0.1673
0.4771 -0.1571
0.3145 -0.1738
0.2200 -0.2967
0.1695 0.0539
-0.0315 0.1550
0.0929 0.1582
0.0909 -0.1943
0.0242 -0.0543
0.3455 0.1653
0.2009 -0.3212
0.1644 -0.0749
0.4086 0.1228
0.1246 0.2159
0.4734 0.1412
0.2113 0.1580
0.3882 -0.2096
0.1277 0.0116
0.4069 0.0861
0.1154 -0.0199
0.2345 -0.1742
0.1294 0.0199
0.0892 0.2057
0.2932 0.0017
0.1142 0.1388
0.0987 0.0083
0.1099 0.0563
0.2323 -0.1378
0.3609 0.2123
0.3019 0.0014
0.2364 -0.1737
0.3171 0.0000
0.2364 0.1737
0.3019 -0.0014
0.3609 -0.2123
0.2323 0.1378
0.1099 -0.0563
0.0987 -0.0083
0.1142 -0.1388
0.2932 -0.0017
0.0892 -0.2057
0.1294 -0.0199
0.2345 0.1742
0.1154 0.0199
0.4069 -0.0861
0.1277 -0.0116
0.3882 0.2096
0.2113 -0.1580
0.4734 -0.1412
0.1246 -0.2159
0.4086 -0.1228
0.1644 0.0749
0.2009 0.3212
0.3455 -0.1653
0.0242 0.0543
0.0909 0.1943
0.0929 -0.1582
-0.0315 -0.1550
0.1695 -0.0539
0.2200 0.2967
0.3145 0.1738
0.4771 0.1571
0.0088 0.1673
-0.0602 -0.0564
0.2307 0.3060
-0.0552 0.0675
0.1311 0.2938
0.2673 0.1386
0.1167 -0.0868
0.3169 0.1459
-0.1013 -0.0404
0.0707 -0.0389
0.2123 -0.1216
0.5134 -0.0757
0.1776 0.0208
0.1850 0.1209
0.2210 0.1979
0.3194 -0.0328
0.1925 -0.1427
0.4426 -0.1657
0.1623 0.0418
-0.0068 0.0431
-0.0050 -0.0143
0.2617 0.0276
0.0738 0.0379
0.2993 0.0222
0.1791 0.2318
0.1615 0.1265
0.2952 0.1812
0.1566 -0.2839
0.0362 0.0153
0.1986 -0.0775
0.2523 -0.0543
-0.0886 0.0333
0.2361 -0.1013
0.3752 0.1797
0.3250 -0.1639
0.1256 0.1464
0.3668 0.1599
0.1976 -0.2446
0.3659 -0.0184
0.3141 0.1769
0.0395 -0.0360
0.4285 -0.0702
0.3307 -0.0606
0.1243 0.0567
