0.1258 0.0000
0.2869 -0.2824
0.0725 -0.0199
0.1211 0.1307
0.0001 0.0251
0.2079 0.0818
0.2085 0.0730
0.3088 0.0210
-0.1416 -0.0211
0.2318 0.0238
0.4166 -0.0729
0.2774 -0.0361
0.1623 -0.0645
0.0262 -0.0024
0.3729 -0.1687
0.1667 0.1516
0.4400 0.0696
0.1261 -0.1277
0.2731 0.1000
0.1210 -0.0749
0.1472 0.2498
0.2102 -0.0505
0.2254 -0.0713
0.3016 -0.1013
0.4819 -0.0462
0.5927 -0.1011
0.3869 0.0152
-0.0682 -0.2594
0.3017 0.1648
-0.0773 0.1337
0.0568 -0.3238
0.1858 0.3918
0.2465 0.1318
0.2834 -0.1266
0.2426 -0.0513
0.0929 0.0350
0.2557 0.0204
0.3809 -0.1640
0.3111 0.3607
0.0281 0.1454
0.0231 -0.0014
0.0782 -0.0870
0.1623 -0.1029
0.1340 0.2622
0.2211 0.1829
0.2599 0.1035
0.1422 0.0567
0.0851 -0.2249
0.0403 0.1222
0.2588 0.2583
0.1258 0.0433
0.2404 0.0542
0.2914 -0.0368
0.4099 0.1517
0.1476 0.1701
0.1464 -0.2049
0.1107 0.1117
0.1427 0.0057
0.2657 -0.0571
0.1634 -0.0939
0.3365 0.0629
0.0997 -0.1774
0.2119 0.2572
0.3901 0.0362
0.0833 -0.2005
0.1309 0.1549
0.2317 -0.1281
0.2445 0.1143
0.3069 0.1914
0.3450 0.3103
0.1247 0.0786
0.1579 0.2328
0.1280 0.2916
0.2804 0.0784
0.0917 0.0131
0.3175 -0.0000
0.0917 -0.0131
0.2804 -0.0784
0.1280 -0.2916
0.1579 -0.2328
0.1247 -0.0786
0.3450 -0.3103
0.3069 -0.1914
0.2445 -0.1143
0.2317 0.1281
0.1309 -0.1549
0.0833 0.2005
0.3901 -0.0362
0.2119 -0.2572
0.0997 0.1774
0.3365 -0.0629
0.1634 0.0939
0.2657 0.0571
0.1427 -0.0057
0.1107 -0.1117
0.1464 0.2049
0.1476 -0.1701
0.4099 -0.1517
0.2914 0.0368
0.2404 -0.0542
0.1258 -0.0433
0.2588 -0.2583
0.0403 -0.1222
0.0851 0.2249
0.1422 -0.0567
0.2599 -0.1035
0.2211 -0.1829
0.1340 -0.2622
0.1623 0.1029
0.0782 0.0870
0.0231 0.0014
0.0281 -0.1454
0.3111 -0.3607
0.3809 0.1640
0.2557 -0.0204
0.0929 -0.0350
0.2426 0.0513
0.2834 0.1266
0.2465 -0.1318
0.1858 -0.3918
0.0568 0.3238
-0.0773 -0.1337
0.3017 -0.1648
-0.0682 0.2594
0.3869 -0.0152
0.5927 0.1011
0.4819 0.0462
0.3016 0.1013
0.2254 0.0713
0.2102 0.0505
0.1472 -0.2498
0.1210 0.0749
0.2731 -0.1000
0.1261 0.1277
0.4400 -0.0696
0.1667 -0.1516
0.3729 0.1687
0.0262 0.0024
0.1623 0.0645
0.2774 0.0361
0.4166 0.0729
0.2318 -0.0238
-0.1416 0.0211
0.3088 -0.0210
0.2085 -0.0730
0.2079 -0.0818
0.0001 -0.0251
0.1211 -0.1307
0.0725 0.0199
0.2439 0.1412
