0.3280 0.0001
0.4566 -0.0310
0.3163 0.1701
0.0670 0.0547
0.1373 0.1954
-0.1604 0.2783
0.1016 -0.2297
0.4334 -0.1203
0.3788 0.0532
0.1107 -0.0143
0.0778 -0.1304
0.1584 0.0036
0.3299 -0.1463
0.4830 0.0511
0.1803 0.3032
0.2885 0.0371
0.3837 -0.0672
0.2336 -0.0067
0.2540 0.2273
0.5055 -0.2675
0.1561 0.0183
0.3815 0.1884
-0.0227 0.0695
0.2027 -0.0674
-0.0274 -0.1013
0.0774 0.1014
0.0667 0.2478
0.2169 -0.0065
0.2018 0.1175
0.0179 -0.1452
0.2373 0.1385
0.0861 -0.1128
-0.0054 -0.1267
-0.0688 0.0314
-0.0606 -0.0654
0.2612 0.3596
0.1741 -0.1913
0.1694 0.1650
0.1889 0.1158
0.1503 0.2408
0.3490 -0.0223
0.2320 -0.0796
0.1981 -0.0330
0.3626 -0.0272
0.2804 0.0835
0.0083 0.1310
0.5140 0.0324
0.0383 -0.1862
0.1878 0.1114
0.2144 -0.0339
0.0774 -0.1591
0.1652 0.1524
0.1473 0.1479
0.2416 0.1700
0.3393 0.0350
0.2234 -0.0380
0.1945 -0.0389
0.1500 0.2314
0.1908 -0.1882
0.5660 0.1573
0.2934 -0.0461
0.1892 -0.0783
0.2798 0.0019
0.1076 0.1389
0.2818 -0.0428
0.1941 -0.1402
0.3226 -0.0845
0.0819 0.1475
0.0810 0.0430
0.4123 0.1144
0.1026 0.1567
0.2055 0.0088
0.3141 -0.1926
0.0115 -0.1273
0.1522 0.2148
0.2528 0.0001
0.1522 -0.2146
0.0115 0.1275
0.3141 0.1928
0.2055 -0.0086
0.1026 -0.1565
0.4123 -0.1142
0.0810 -0.0428
0.0819 -0.1473
0.3226 0.0847
0.1941 0.1404
0.2818 0.0430
0.1076 -0.1387
0.2798 -0.0017
0.1892 0.0785
0.2934 0.0464
0.5660 -0.1571
0.1908 0.1884
0.1500 -0.2312
0.1945 0.0391
0.2234 0.0382
0.3393 -0.0348
0.2416 -0.1698
0.1473 -0.1477
0.1652 -0.1521
0.0774 0.1593
0.2144 0.0341
0.1878 -0.1112
0.0383 0.1864
0.5140 -0.0322
0.0083 -0.1308
0.2804 -0.0833
0.3626 0.0274
0.1981 0.0332
0.2320 0.0798
0.3490 0.0225
0.1503 -0.2406
0.1889 -0.1156
0.1694 -0.1648
0.1741 0.1915
0.2612 -0.3594
-0.0606 0.0656
-0.0688 -0.0311
-0.0054 0.1269
0.0861 0.1130
0.2373 -0.1383
0.0179 0.1454
0.2018 -0.1172
0.2169 0.0067
0.0667 -0.2476
0.0774 -0.1012
-0.0274 0.1015
0.2027 0.0676
-0.0227 -0.0693
0.3815 -0.1882
0.1561 -0.0181
0.5055 0.2677
0.2540 -0.2271
0.2336 0.0070
0.3837 0.0674
0.2885 -0.0369
0.1803 -0.3030
0.4830 -0.0509
0.3299 0.1465
0.1584 -0.0034
0.0778 0.1306
0.1107 0.0145
0.3788 -0.0530
0.4334 0.1205
0.1016 0.2299
-0.1604 -0.2781
0.1373 -0.1952
0.0670 -0.0545
0.3163 -0.1699
0.3296 0.0157
