0.0245 0.0004
0.4230 -0.1283
0.1870 -0.2958
0.2524 0.1538
0.2380 0.2434
0.1026 0.4019
0.1610 -0.0900
0.2740 0.2552
-0.0521 -0.0349
0.2853 0.0218
0.2321 0.2039
0.2152 -0.0715
0.0630 0.0931
0.3420 0.1238
0.1828 0.0452
0.3602 -0.0216
0.3100 0.1071
0.0022 -0.0479
0.1022 0.0848
-0.0783 0.1012
0.1555 0.1289
0.2223 -0.1334
0.1667 -0.1179
0.3762 -0.0592
0.3445 -0.2313
-0.0930 -0.1303
0.2785 -0.2701
0.1995 0.2546
0.3356 -0.0782
-0.0013 -0.1983
0.0079 -0.0109
-0.0064 0.2404
0.2190 0.0764
0.2101 -0.1041
0.2703 0.0371
0.1111 -0.1003
0.2541 -0.0283
0.2546 -0.0330
0.2846 -0.1821
0.1628 0.2658
-0.0824 0.1743
0.1198 -0.3272
0.0594 -0.0579
0.3020 0.2674
0.2191 -0.0879
0.1164 0.0361
0.3837 0.1047
0.3017 -0.0340
0.0816 -0.0692
0.1380 -0.0540
-0.0259 0.0731
0.2587 -0.1346
0.3224 -0.0883
0.3472 0.0728
0.3147 -0.1510
0.0067 -0.0191
0.2910 -0.0107
0.1350 0.1275
0.1407 -0.0822
0.1729 0.0823
0.4017 0.1257
0.2875 0.2860
0.2541 0.2318
0.2379 0.1124
0.3926 0.0428
0.2045 -0.1600
0.0841 0.0931
0.2274 -0.1454
0.2440 -0.0370
0.2933 -0.1985
0.3881 -0.1759
0.2048 0.2892
0.2896 -0.2397
0.3608 -0.1895
0.0986 0.0081
0.3851 0.0004
0.0986 -0.0072
0.3608 0.1903
0.2896 0.2406
0.2048 -0.2884
0.3881 0.1767
0.2933 0.1993
0.2440 0.0378
0.2274 0.1463
0.0841 -0.0922
0.2045 0.1609
0.3926 -0.0419
0.2379 -0.1116
0.2541 -0.2310
0.2875 -0.2851
0.4017 -0.1249
0.1729 -0.0814
0.1407 0.0830
0.1350 -0.1267
0.2910 0.0116
0.0067 0.0199
0.3147 0.1519
0.3472 -0.0719
0.3224 0.0891
0.2587 0.1354
-0.0259 -0.0722
0.1380 0.0549
0.0816 0.0701
0.3017 0.0349
0.3837 -0.1039
0.1164 -0.0352
0.2191 0.0888
0.3020 -0.2665
0.0594 0.0588
0.1198 0.3280
-0.0824 -0.1735
0.1628 -0.2650
0.2846 0.1829
0.2546 0.0339
0.2541 0.0291
0.1111 0.1012
0.2703 -0.0362
0.2101 0.1050
0.2190 -0.0755
-0.0064 -0.2396
0.0079 0.0117
-0.0013 0.1992
0.3356 0.0791
0.1995 -0.2537
0.2785 0.2709
-0.0930 0.1312
0.3445 0.2322
0.3762 0.0601
0.1667 0.1187
0.2223 0.1343
0.1555 -0.1280
-0.0783 -0.1003
0.1022 -0.0839
0.0022 0.0488
0.3100 -0.1062
0.3602 0.0225
0.1828 -0.0444
0.3420 -0.1229
0.0630 -0.0923
0.2152 0.0724
0.2321 -0.2031
0.2853 -0.0209
-0.0521 0.0357
0.2740 -0.2543
0.1610 0.0908
0.1026 -0.4010
0.2380 -0.2425
0.2524 -0.1529
0.1870 0.2967
0.3118 0.0648
