0.1425 0.0000
0.0126 0.1878
0.3175 0.0387
-0.0642 -0.0356
0.1403 -0.2172
0.3688 0.1744
0.1955 0.1688
0.3066 -0.1708
0.2194 0.1285
-0.0688 -0.1306
0.3267 0.1419
0.0201 0.1426
0.1321 -0.1670
0.4379 -0.1798
0.1254 -0.0798
0.1707 -0.0656
0.0317 -0.0204
0.2837 -0.0270
-0.0304 -0.1289
0.2591 -0.0716
-0.0199 0.1133
0.1184 0.1620
-0.0453 0.0461
0.3546 -0.1713
0.2750 0.0072
0.1259 -0.1009
0.4593 -0.2814
0.2346 -0.0147
0.3690 0.0460
0.2290 -0.1463
0.1560 0.0205
0.3256 0.2390
0.2914 -0.3244
0.0353 0.0681
0.2135 0.0915
0.1525 0.1153
0.1082 -0.1687
0.2184 -0.0542
0.1537 0.0402
0.2582 -0.0582
0.2808 0.1546
0.4326 0.0206
0.0369 0.0249
0.4699 0.1325
0.2187 -0.2832
0.1893 0.1062
0.1391 0.0606
0.0707 0.2906
0.3158 0.0706
0.0700 0.0289
0.0593 0.1586
0.2064 0.0452
0.1162 -0.0390
0.2284 0.0122
0.3296 -0.0801
0.0752 -0.2806
0.0466 0.0036
0.1551 -0.1351
0.2111 -0.1111
0.3225 0.0589
0.1374 0.1439
0.1055 0.0917
0.1617 -0.0487
0.1755 0.0365
0.3215 0.0857
0.1984 0.0496
0.2500 0.0853
0.4289 0.0703
0.4631 0.1419
0.2083 0.0420
0.2738 0.1196
0.1086 0.0777
0.1456 0.1817
-0.1690 -0.0158
0.5616 0.0302
0.9500 -0.0000
0.5616 -0.0302
-0.1690 0.0158
0.1456 -0.1817
0.1086 -0.0777
0.2738 -0.1196
0.2083 -0.0420
0.4631 -0.1419
0.4289 -0.0703
0.2500 -0.0853
0.1984 -0.0496
0.3215 -0.0857
0.1755 -0.0365
0.1617 0.0487
0.1055 -0.0917
0.1374 -0.1439
0.3225 -0.0589
0.2111 0.1111
0.1551 0.1351
0.0466 -0.0036
0.0752 0.2806
0.3296 0.0801
0.2284 -0.0122
0.1162 0.0390
0.2064 -0.0452
0.0593 -0.1586
0.0700 -0.0289
0.3158 -0.0706
0.0707 -0.2906
0.1391 -0.0606
0.1893 -0.1062
0.2187 0.2832
0.4699 -0.1325
0.0369 -0.0249
0.4326 -0.0206
0.2808 -0.1546
0.2582 0.0582
0.1537 -0.0402
0.2184 0.0542
0.1082 0.1687
0.1525 -0.1153
0.2135 -0.0915
0.0353 -0.0681
0.2914 0.3244
0.3256 -0.2390
0.1560 -0.0205
0.2290 0.1463
0.3690 -0.0460
0.2346 0.0147
0.4593 0.2814
0.1259 0.1009
0.2750 -0.0072
0.3546 0.1713
-0.0453 -0.0461
0.1184 -0.1620
-0.0199 -0.1133
0.2591 0.0716
-0.0304 0.1289
0.2837 0.0270
0.0317 0.0204
0.1707 0.0656
0.1254 0.0798
0.4379 0.1798
0.1321 0.1670
0.0201 -0.1426
0.3267 -0.1419
-0.0688 0.1306
0.2194 -0.1285
0.3066 0.1708
0.1955 -0.1688
0.3688 -0.1744
0.1403 0.2172
-0.0642 0.0356
0.3175 -0.0387
0.1067 -0.0939
