0.0407 0.0003
0.0559 -0.1022
0.2635 -0.1825
0.0562 0.1337
-0.0004 -0.2408
0.2443 -0.1966
0.1143 0.0505
0.2725 -0.3214
0.2438 -0.1694
0.1149 0.1604
0.0265 0.0810
0.1925 0.0491
0.0180 -0.0231
0.1776 0.2407
0.3426 0.0357
0.0626 -0.1638
0.3578 0.1752
0.1761 0.1997
0.1300 0.0345
0.1605 -0.0906
0.3631 0.1537
0.3424 0.1663
0.0441 0.0051
0.1649 -0.0075
0.0074 -0.0407
0.3583 0.0727
-0.0274 -0.1964
0.1783 0.0789
0.2327 -0.4059
0.4151 0.0792
0.0980 0.1163
0.2131 0.0600
0.3330 0.0725
-0.0336 -0.0408
0.0906 -0.0055
0.1972 0.0940
0.3414 0.0530
0.3869 0.0630
0.2868 -0.2481
-0.1194 0.0002
0.3869 -0.0832
0.2733 -0.1224
0.3405 -0.0062
0.3024 0.0168
0.2833 -0.0769
0.0439 -0.0520
0.1652 0.0131
0.4269 0.0823
0.4816 -0.2218
0.4360 0.0355
0.0574 -0.0720
0.1419 -0.1330
0.0928 0.2781
0.1716 -0.0467
0.2598 0.0368
0.1407 0.1224
0.3033 -0.0734
0.4071 -0.2586
0.2573 -0.1615
0.1403 -0.1139
0.0419 0.2038
0.2885 0.0973
0.0677 0.2074
0.1903 0.0225
0.0506 0.3467
0.0570 0.0085
0.3900 0.0520
0.3039 -0.0297
0.2764 0.2154
0.1316 0.3499
0.3306 -0.2053
0.0507 -0.0710
0.3297 -0.0594
0.2168 -0.2094
0.1588 0.1314
0.2831 0.0003
0.1588 -0.1307
0.2168 0.2100
0.3297 0.0601
0.0507 0.0717
0.3306 0.2060
0.1316 -0.3492
0.2764 -0.2147
0.3039 0.0304
0.3900 -0.0513
0.0570 -0.0078
0.0506 -0.3460
0.1903 -0.0218
0.0677 -0.2067
0.2885 -0.0966
0.0419 -0.2031
0.1403 0.1146
0.2573 0.1622
0.4071 0.2593
0.3033 0.0741
0.1407 -0.1217
0.2598 -0.0361
0.1716 0.0474
0.0928 -0.2774
0.1419 0.1337
0.0574 0.0727
0.4360 -0.0348
0.4816 0.2225
0.4269 -0.0816
0.1652 -0.0124
0.0439 0.0527
0.2833 0.0776
0.3024 -0.0161
0.3405 0.0069
0.2733 0.1231
0.3869 0.0839
-0.1194 0.0004
0.2868 0.2488
0.3869 -0.0623
0.3414 -0.0523
0.1972 -0.0934
0.0906 0.0062
-0.0336 0.0415
0.3330 -0.0719
0.2131 -0.0593
0.0980 -0.1156
0.4151 -0.0785
0.2327 0.4066
0.1783 -0.0782
-0.0274 0.1971
0.3583 -0.0720
0.0074 0.0413
0.1649 0.0082
0.0441 -0.0044
0.3424 -0.1657
0.3631 -0.1530
0.1605 0.0913
0.1300 -0.0338
0.1761 -0.1990
0.3578 -0.1745
0.0626 0.1645
0.3426 -0.0350
0.1776 -0.2400
0.0180 0.0237
0.1925 -0.0485
0.0265 -0.0803
0.1149 -0.1597
0.2438 0.1700
0.2725 0.3220
0.1143 -0.0498
0.2443 0.1972
-0.0004 0.2414
0.0562 -0.1330
0.2635 0.1831
0.1277 0.0516
