0.1086 -0.0000
0.0871 0.0120
0.1780 0.1414
0.2195 0.0010
0.3575 -0.0255
0.2252 -0.1233
0.3141 -0.0983
0.2435 -0.1858
0.4174 0.1294
0.2020 -0.2346
0.3292 -0.0745
0.0294 0.0867
0.2734 -0.0214
0.3220 -0.0557
0.2249 -0.3929
0.3994 0.1046
0.0380 -0.0368
0.0787 0.0357
0.1012 0.0109
0.3912 -0.0072
0.2960 -0.0004
0.2789 0.2518
0.4608 0.4211
0.2087 0.1684
0.1518 -0.0896
-0.1076 0.0720
0.1358 0.1427
0.3836 -0.1174
0.0688 -0.0052
0.1656 -0.0187
0.0834 0.0911
0.3483 0.0349
0.1477 -0.1021
0.2667 0.1183
0.3351 -0.0195
0.1686 0.1134
0.1978 0.0897
0.2200 0.0403
0.3849 0.0267
0.2536 0.2358
0.0882 -0.1504
0.1571 -0.1104
0.2457 0.1272
0.2563 -0.0710
0.3516 0.0544
0.0090 -0.0429
0.0614 0.0056
0.2595 -0.3280
0.0359 0.0757
0.0901 0.0625
0.0920 -0.1296
0.1517 -0.4296
0.6185 0.0833
0.1129 -0.0044
0.0943 0.0778
0.2735 -0.0144
0.1318 0.1322
0.0600 -0.3043
-0.1327 0.0316
0.1979 0.0874
0.3250 0.1000
0.1499 0.0591
0.4565 -0.0505
0.2049 -0.1270
0.1681 -0.0854
0.2742 0.0674
-0.0390 -0.1614
0.3496 -0.1046
0.2709 -0.0801
0.0626 -0.2164
0.0285 -0.1931
0.2809 0.1163
-0.1231 -0.1170
0.2182 0.2483
0.3231 0.0801
0.0171 -0.0000
0.3231 -0.0801
0.2182 -0.2484
-0.1231 0.1169
0.2809 -0.1163
0.0285 0.1931
0.0626 0.2163
0.2709 0.0801
0.3496 0.1045
-0.0390 0.1613
0.2742 -0.0675
0.1681 0.0853
0.2049 0.1270
0.4565 0.0504
0.1499 -0.0592
0.3250 -0.1001
0.1979 -0.0875
-0.1327 -0.0317
0.0600 0.3042
0.1318 -0.1322
0.2735 0.0144
0.0943 -0.0779
0.1129 0.0043
0.6185 -0.0834
0.1517 0.4295
0.0920 0.1296
0.0901 -0.0626
0.0359 -0.0757
0.2595 0.3279
0.0614 -0.0057
0.0090 0.0428
0.3516 -0.0545
0.2563 0.0709
0.2457 -0.1273
0.1571 0.1103
0.0882 0.1503
0.2536 -0.2359
0.3849 -0.0267
0.2200 -0.0404
0.1978 -0.0898
0.1686 -0.1135
0.3351 0.0194
0.2667 -0.1184
0.1477 0.1020
0.3483 -0.0350
0.0834 -0.0912
0.1656 0.0186
0.0688 0.0052
0.3836 0.1173
0.1358 -0.1428
-0.1076 -0.0720
0.1518 0.0895
0.2087 -0.1684
0.4608 -0.4212
0.2789 -0.2519
0.2960 0.0004
0.3912 0.0071
0.1012 -0.0110
0.0787 -0.0357
0.0380 0.0367
0.3994 -0.1047
0.2249 0.3928
0.3220 0.0556
0.2734 0.0213
0.0294 -0.0868
0.3292 0.0745
0.2020 0.2345
0.4174 -0.1294
0.2435 0.1858
0.3141 0.0982
0.2252 0.1233
0.3575 0.0254
0.2195 -0.0011
0.1780 -0.1414
0.1436 -0.0061
