0.1591 0.0000
0.3362 0.2841
0.0072 -0.0659
0.0865 0.0825
0.2060 -0.1769
0.3023 -0.0917
0.0748 -0.0646
0.2996 -0.1435
0.0761 0.0203
0.0404 -0.1076
0.2556 0.1134
0.0416 -0.2325
0.2178 -0.0539
0.2290 -0.3650
0.3219 0.0998
0.1358 0.1926
0.2112 0.1250
0.1491 0.0649
0.2156 -0.0642
0.2967 -0.0072
0.1641 0.0620
0.2972 0.1155
0.3478 -0.0327
0.1120 0.0664
0.1335 0.0324
0.1758 0.2166
0.2793 -0.1295
0.2432 -0.1896
0.3081 0.0567
0.0271 0.0555
0.5105 -0.3433
0.2430 0.0567
0.1961 0.3702
0.0363 0.2335
0.0617 0.3912
0.2438 0.2722
0.2059 0.0475
0.1613 -0.1160
0.2970 0.1858
0.0568 -0.0239
0.3405 -0.0186
0.1495 0.0445
0.2329 -0.0425
0.4223 -0.0463
0.3109 0.4762
0.3408 -0.1847
0.2378 -0.2743
0.1024 -0.1253
0.3983 0.1261
0.2465 0.0166
-0.0576 -0.1011
0.4723 0.1574
0.2261 -0.1648
0.2374 0.0438
0.1422 0.1070
0.2329 0.2511
0.4161 0.2269
0.2898 -0.2260
0.0159 -0.0779
0.1935 -0.1320
-0.0673 0.0946
0.0587 -0.0384
0.1614 -0.1303
0.1619 0.1592
0.0817 -0.0325
0.0491 -0.0016
0.2612 0.0960
0.0648 -0.0556
0.1860 0.1231
0.3238 0.0730
0.3014 -0.1338
0.2290 0.0750
0.1259 -0.0981
0.4166 -0.0138
0.0678 0.0810
0.0508 -0.0000
0.0678 -0.0810
0.4166 0.0138
0.1259 0.0981
0.2290 -0.0750
0.3014 0.1338
0.3238 -0.0730
0.1860 -0.1231
0.0648 0.0556
0.2612 -0.0960
0.0491 0.0016
0.0817 0.0325
0.1619 -0.1592
0.1614 0.1303
0.0587 0.0384
-0.0673 -0.0946
0.1935 0.1320
0.0159 0.0779
0.2898 0.2260
0.4161 -0.2269
0.2329 -0.2511
0.1422 -0.1070
0.2374 -0.0438
0.2261 0.1648
0.4723 -0.1574
-0.0576 0.1011
0.2465 -0.0166
0.3983 -0.1261
0.1024 0.1253
0.2378 0.2743
0.3408 0.1847
0.3109 -0.4762
0.4223 0.0463
0.2329 0.0425
0.1495 -0.0445
0.3405 0.0186
0.0568 0.0239
0.2970 -0.1858
0.1613 0.1160
0.2059 -0.0475
0.2438 -0.2722
0.0617 -0.3912
0.0363 -0.2335
0.1961 -0.3702
0.2430 -0.0567
0.5105 0.3433
0.0271 -0.0555
0.3081 -0.0567
0.2432 0.1896
0.2793 0.1295
0.1758 -0.2166
0.1335 -0.0324
0.1120 -0.0664
0.3478 0.0327
0.2972 -0.1155
0.1641 -0.0620
0.2967 0.0072
0.2156 0.0642
0.1491 -0.0649
0.2112 -0.1250
0.1358 -0.1926
0.3219 -0.0998
0.2290 0.3650
0.2178 0.0539
0.0416 0.2325
0.2556 -0.1134
0.0404 0.1076
0.0761 -0.0203
0.2996 0.1435
0.0748 0.0646
0.3023 0.0917
0.2060 0.1769
0.0865 -0.0825
0.0072 0.0659
0.2685 -0.1421
