0.1593 0.0000
0.2965 0.0676
0.4414 -0.2182
0.2643 0.0502
-0.2262 0.0081
0.2441 0.1850
0.3288 0.1473
0.3476 -0.0349
0.1812 -0.0584
0.2336 0.2553
0.2259 0.1701
0.1714 0.0339
0.1479 0.2687
-0.1070 -0.0045
0.3210 0.1386
0.0698 0.0803
0.5743 -0.1725
0.3371 -0.0939
0.2886 0.0352
0.0550 -0.2661
0.0189 0.2404
0.2024 -0.0129
0.1380 0.1644
0.1588 0.0494
0.1723 0.1995
0.0930 0.0718
0.2020 0.0363
0.2404 0.0866
0.4170 0.1205
0.2688 0.0126
0.2123 -0.0502
-0.0056 0.0524
0.1471 0.1146
-0.2275 -0.0333
0.0910 0.0585
0.3741 -0.1558
0.0229 -0.1158
0.3564 -0.0841
0.1974 0.0663
0.0731 0.0988
0.1882 -0.0800
0.3457 -0.0022
0.2697 0.0434
0.2959 0.2059
0.1633 0.1655
0.2738 0.0594
0.2427 0.1496
0.2658 0.2388
0.1555 0.0585
0.2553 -0.2308
0.4910 -0.0144
0.3584 0.1413
-0.0126 -0.1909
0.3716 0.1528
0.3283 0.0284
0.2763 -0.2202
0.1410 0.0161
0.1618 -0.1208
0.1516 -0.0048
0.1637 -0.0458
0.2308 0.1870
0.1609 -0.0116
0.0305 -0.1876
0.0796 0.3015
0.1198 -0.0960
0.0165 -0.1776
0.4517 -0.2166
0.1488 -0.0749
0.2018 0.1062
0.2074 -0.0077
0.0800 -0.1513
0.2256 0.1327
0.2569 -0.2557
0.3184 0.1411
0.0792 0.2882
0.3169 -0.0000
0.0792 -0.2882
0.3184 -0.1411
0.2569 0.2557
0.2256 -0.1327
0.0800 0.1513
0.2074 0.0077
0.2018 -0.1062
0.1488 0.0749
0.4517 0.2166
0.0165 0.1776
0.1198 0.0960
0.0796 -0.3015
0.0305 0.1876
0.1609 0.0116
0.2308 -0.1870
0.1637 0.0458
0.1516 0.0048
0.1618 0.1208
0.1410 -0.0161
0.2763 0.2202
0.3283 -0.0284
0.3716 -0.1528
-0.0126 0.1909
0.3584 -0.1413
0.4910 0.0144
0.2553 0.2308
0.1555 -0.0585
0.2658 -0.2388
0.2427 -0.1496
0.2738 -0.0594
0.1633 -0.1655
0.2959 -0.2059
0.2697 -0.0434
0.3457 0.0022
0.1882 0.0800
0.0731 -0.0988
0.1974 -0.0663
0.3564 0.0841
0.0229 0.1158
0.3741 0.1558
0.0910 -0.0585
-0.2275 0.0333
0.1471 -0.1146
-0.0056 -0.0524
0.2123 0.0502
0.2688 -0.0126
0.4170 -0.1205
0.2404 -0.0866
0.2020 -0.0363
0.0930 -0.0718
0.1723 -0.1995
0.1588 -0.0494
0.1380 -0.1644
0.2024 0.0129
0.0189 -0.2404
0.0550 0.2661
0.2886 -0.0352
0.3371 0.0939
0.5743 0.1725
0.0698 -0.0803
0.3210 -0.1386
-0.1070 0.0045
0.1479 -0.2687
0.1714 -0.0339
0.2259 -0.1701
0.2336 -0.2553
0.1812 0.0584
0.3476 0.0349
0.3288 -0.1473
0.2441 -0.1850
-0.2262 -0.0081
0.2643 -0.0502
0.4414 0.2182
0.2486 -0.0338
