-0.0104 0.0000
0.4432 -0.3050
0.1593 -0.0288
0.3340 0.0249
0.2506 0.0864
0.1191 0.0199
0.3434 0.0822
0.0116 -0.0685
0.0669 0.0439
0.1158 0.1009
0.1882 0.1134
0.1521 0.1753
0.2096 0.1580
0.1234 -0.1683
0.1254 0.0207
0.0117 0.0941
0.2202 -0.0025
0.3945 -0.0210
0.1619 0.1581
0.2518 0.0891
0.2699 -0.1331
0.2886 0.0439
0.2163 -0.0566
0.1855 0.2433
0.2190 -0.2236
0.4627 -0.2780
0.2863 -0.2192
0.2292 -0.0537
0.0032 0.2608
-0.2018 -0.2111
0.0813 0.0312
0.2195 0.1297
0.1462 0.0484
0.3113 -0.0043
0.1806 0.0365
-0.0120 0.1118
0.1449 0.1061
0.2719 -0.0665
0.0049 -0.1233
-0.1081 -0.1389
0.1629 -0.0450
0.2808 -0.0097
-0.0477 -0.2184
0.2332 0.0662
0.4426 0.1432
-0.0072 0.0085
0.1705 0.0858
0.3405 -0.0665
0.2210 -0.0016
0.0396 -0.1077
0.1586 -0.0732
0.2477 -0.0706
0.5713 -0.1457
0.2959 0.3128
0.4089 -0.1225
0.2877 -0.0115
-0.0460 0.0368
0.1696 -0.0402
0.2997 0.0840
0.2033 0.0815
0.0246 -0.1584
0.1400 0.2019
0.2126 0.1220
0.4745 -0.0151
0.3216 -0.2015
0.3999 0.0177
0.2134 -0.1750
0.2451 0.4266
0.4120 -0.0660
0.0300 0.1721
0.4779 0.1644
0.1862 0.1183
0.2182 -0.0052
0.3688 0.1328
0.1407 -0.1231
-0.0189 0.0000
0.1407 0.1231
0.3688 -0.1328
0.2182 0.0052
0.1862 -0.1183
0.4779 -0.1644
0.0300 -0.1721
0.4120 0.0660
0.2451 -0.4266
0.2134 0.1750
0.3999 -0.0177
0.3216 0.2015
0.4745 0.0151
0.2126 -0.1220
0.1400 -0.2019
0.0246 0.1584
0.2033 -0.0815
0.2997 -0.0840
0.1696 0.0402
-0.0460 -0.0368
0.2877 0.0115
0.4089 0.1225
0.2959 -0.3128
0.5713 0.1457
0.2477 0.0706
0.1586 0.0732
0.0396 0.1077
0.2210 0.0016
0.3405 0.0665
0.1705 -0.0858
-0.0072 -0.0085
0.4426 -0.1432
0.2332 -0.0662
-0.0477 0.2184
0.2808 0.0097
0.1629 0.0450
-0.1081 0.1389
0.0049 0.1233
0.2719 0.0665
0.1449 -0.1061
-0.0120 -0.1118
0.1806 -0.0365
0.3113 0.0043
0.1462 -0.0484
0.2195 -0.1297
0.0813 -0.0312
-0.2018 0.2111
0.0032 -0.2608
0.2292 0.0537
0.2863 0.2192
0.4627 0.2780
0.2190 0.2236
0.1855 -0.2433
0.2163 0.0566
0.2886 -0.0439
0.2699 0.1331
0.2518 -0.0891
0.1619 -0.1581
0.3945 0.0210
0.2202 0.0025
0.0117 -0.0941
0.1254 -0.0207
0.1234 0.1683
0.2096 -0.1580
0.1521 -0.1753
0.1882 -0.1134
0.1158 -0.1009
0.0669 -0.0439
0.0116 0.0685
0.3434 -0.0822
0.1191 -0.0199
0.2506 -0.0864
0.3340 -0.0249
0.1593 0.0288
0.3220 0.1525
