0.1417 -0.0006
0.0116 0.1874
0.3169 0.0381
-0.0652 -0.0363
0.1394 -0.2180
0.3682 0.1740
0.1947 0.1684
0.3059 -0.1717
0.2186 0.1280
-0.0699 -0.1314
0.3261 0.1414
0.0191 0.1421
0.1312 -0.1678
0.4373 -0.1806
0.1245 -0.0805
0.1699 -0.0663
0.0307 -0.0210
0.2830 -0.0277
-0.0314 -0.1296
0.2583 -0.0723
-0.0209 0.1128
0.1175 0.1616
-0.0464 0.0455
0.3540 -0.1721
0.2743 0.0066
0.1250 -0.1017
0.4588 -0.2823
0.2338 -0.0153
0.3684 0.0454
0.2282 -0.1471
0.1552 0.0198
0.3250 0.2387
0.2907 -0.3254
0.0343 0.0676
0.2127 0.0909
0.1517 0.1148
0.1073 -0.1695
0.2176 -0.0549
0.1528 0.0396
0.2575 -0.0589
0.2801 0.1541
0.4321 0.0200
0.0359 0.0243
0.4694 0.1320
0.2179 -0.2842
0.1885 0.1057
0.1382 0.0600
0.0697 0.2903
0.3151 0.0701
0.0691 0.0283
0.0583 0.1581
0.2056 0.0447
0.1153 -0.0396
0.2277 0.0116
0.3290 -0.0808
0.0742 -0.2816
0.0457 0.0030
0.1543 -0.1359
0.2103 -0.1118
0.3218 0.0584
0.1365 0.1435
0.1045 0.0912
0.1609 -0.0494
0.1746 0.0359
0.3208 0.0851
0.1976 0.0491
0.2493 0.0848
0.4283 0.0698
0.4625 0.1414
0.2075 0.0414
0.2731 0.1191
0.1077 0.0772
0.1447 0.1813
-0.1702 -0.0164
0.5612 0.0297
0.9500 -0.0006
0.5612 -0.0309
-0.1702 0.0152
0.1447 -0.1826
0.1077 -0.0784
0.2731 -0.1204
0.2075 -0.0427
0.4625 -0.1427
0.4283 -0.0710
0.2493 -0.0860
0.1976 -0.0503
0.3208 -0.0864
0.1746 -0.0372
0.1609 0.0482
0.1045 -0.0925
0.1365 -0.1447
0.3218 -0.0596
0.2103 0.1105
0.1543 0.1346
0.0457 -0.0042
0.0742 0.2803
0.3290 0.0796
0.2277 -0.0129
0.1153 0.0384
0.2056 -0.0459
0.0583 -0.1594
0.0691 -0.0296
0.3151 -0.0713
0.0697 -0.2915
0.1382 -0.0613
0.1885 -0.1070
0.2179 0.2829
0.4694 -0.1332
0.0359 -0.0255
0.4321 -0.0213
0.2801 -0.1553
0.2575 0.0576
0.1528 -0.0408
0.2176 0.0537
0.1073 0.1683
0.1517 -0.1160
0.2127 -0.0922
0.0343 -0.0688
0.2907 0.3242
0.3250 -0.2399
0.1552 -0.0211
0.2282 0.1458
0.3684 -0.0467
0.2338 0.0141
0.4588 0.2811
0.1250 0.1004
0.2743 -0.0079
0.3540 0.1708
-0.0464 -0.0468
0.1175 -0.1628
-0.0209 -0.1140
0.2583 0.0710
-0.0314 0.1284
0.2830 0.0264
0.0307 0.0198
0.1699 0.0651
0.1245 0.0793
0.4373 0.1793
0.1312 0.1665
0.0191 -0.1434
0.3261 -0.1427
-0.0699 0.1301
0.2186 -0.1292
0.3059 0.1704
0.1947 -0.1697
0.3682 -0.1752
0.1394 0.2168
-0.0652 0.0350
0.3169 -0.0394
0.1058 -0.0946
